-49.99702499801776
-49.956716559661196
-12.874104224985468
-12.869943395490733
-12.892580842190863
-49.95532044610675
-49.975325204870565
5.64888029764448
5.654641838106704
5.650102626706041
5.6510505035770855
-49.99114237384008
-49.96042665361293
-12.860956564977151
-12.858449499806328
-12.873143054069226
-49.99697394254166
-49.97707322798475
5.699413669313012
5.696925912769294
5.702113810408279
5.689825720168076
-49.98721036862439
-49.99768200692975
-12.925206296178066
-12.917155573691817
-12.892771804385761
-49.97827340789631
-49.98293308117336
5.663133860565581
5.6588507307820946
5.615175560783265
5.640717795964009
-49.97436204430073
-49.96923151142329
-12.877604913838722
-12.857054254524853
-12.85533720292368
-49.97316061658469
-49.99392038032386
5.706923111541586
5.703304970665145
5.688900319015549
5.703607131707646
-49.99422236746008
-49.94738057454788
-12.865389250182965
-12.90277422455807
-12.834215856052474
-49.95613383756264
-50.01812923828039
5.687563778595616
5.678806429354681
5.701535396426739
5.717850033545526
-49.98193964984439
-50.003514979610614
-12.862516954801213
-12.892592466689695
-12.877303988181685
-49.990077559703344
-49.98658042864137
5.6603031759058675
5.675609370532097
5.665819385414957
5.693909649037474
-50.01560863113442
-49.97204809842966
-12.891318201250568
-12.91839512846584
-12.89534037247423
-49.99591494289819
-49.960890343066474
5.648492563798242
5.659358614078103
5.663100067360856
5.610657174220317
-49.984843476238616
-49.98997966592035
-12.885391421632866
-12.874636185884883
-12.839398092751795
-49.96225960361832
-49.99564805757301
5.6956341174080345
5.680852706476674
5.706959909449131
5.677287983525081
-49.94430909534958
-49.987014828843904
-12.875461604799655
-12.88993302188864
-12.910819436995594
-49.969521461589345
-49.975225253599326
5.611417951096217
5.653183072213994
5.623144515472768
5.64021590020589
-49.99721804790423
-49.96932480949058
-12.903789705161751
-12.84809493497569
-12.914195835909656
-49.973618524879164
-49.9775871819756
5.672324544187935
5.640343101775413
5.662140914853807
5.652011177287556
-49.95277749920712
-50.01462145660026
-12.892681880827288
-12.874997324137565
-12.874263743665871
-50.00880806059392
-49.95881554181916
5.673213749517439
5.626156414474891
5.662641536181722
5.640041394056649
-50.003547335223814
-49.96909439698469
-12.88646678897363
-12.89627210399349
-12.868858164407916
-49.98986333649276
-49.99605106509912
5.673414525978152
5.655013589177198
5.642029353644443
5.688149931843526
-49.965983926291244
-49.98810353432077
-12.851485583133872
-12.849785743909763
-12.875056227803952
-49.965542611090946
-50.009600750253036
5.685655407880229
5.709048202718822
5.712218565144948
5.710991483358696
-49.95707210311299
-49.97717351989574
-12.878623349812438
-12.871451731220482
-12.92017817889024
-49.987401457547314
-49.97571179169292
5.644588189967356
5.662587977682014
5.6460731597187355
5.632082359445738
-49.95938261369725
-50.004371823799765
-12.889010662952614
-12.898479716756713
-12.896593187170314
-50.01678732092027
-49.93608472440633
5.633038473117367
5.649350531099487
5.662031895421918
5.655571915468231
-47.8863041167315
-47.89945751368003
-47.86920997776017
-47.90088774460416
-47.903161578725616
-47.89638908741134
-47.866635787217724
-47.90946038456833
-47.86379977197169
-47.888872854459194
-47.8856391128319
-47.89634100609854
-47.90244595955715
-47.87232057398786
-47.87996830937309
5.557724424745733
0.0078058497658271
0.007152716915757251
0.00824102426335993
0.007307502246417297
0.007380497773592287
0.0077519570638457935
0.007795886436837707
0.007488365116724793
0.008342680654796597
0.007761873292061683
0.008063850359382618
0.007692947840224118
0.0074645178189560735
0.008126136147318608
0.007682013809348298
1.0
