-1234.9927541746847
2098.875725494702
-2385.0037663229405
1434.6047320132639
302.3164628008729
1662.301188592522
-2217.896124702432
1576.301911667412
2275.0444306647128
-1358.566410730207
1781.9484978435828
-64.23421346557767
481.0177655038339
1558.4206870631929
-1657.9652531732752
-267.7667530332545
-136.99860644406036
-673.4232829863457
2389.5041831884796
-1059.3221596530334
485.0230267455885
-2156.4547231244565
-1983.1259521919092
-1324.8743483794956
1258.4706049441647
-272.9666210479548
1400.689490548792
1083.3335640830865
1445.5791638208898
796.1746885221072
822.2881265249792
-628.0013071127349
31.404015295609653
1066.6189810101562
768.9792651164562
2137.336377189343
-1099.8997434930675
-776.2658207863443
204.29189154122452
-1737.2264701971196
2377.3078639165356
-2234.1548825997543
1487.5456155371303
2263.673672661226
-1892.3335236365535
1268.2242637931097
1095.852403289807
-1891.5821978818992
